 1.0000000  0.3347665 -0.0053078  0.0028139  0.0076118 -0.0125163  0.0190757 -0.0075577  0.0080111 -0.0062292  0.0023688 
 0.3347665  1.0000000 -0.0047773  0.0020453  0.0030312  0.0072416  0.0020015  0.0077635  0.0051666 -0.0075704 -0.0079364 
-0.0053078 -0.0047773  1.0000000  0.0005143 -0.9566386  0.0032438  0.0006480  0.0154206  0.0045102  0.0064141 -0.0046222 
 0.0028139  0.0020453  0.0005143  1.0000000 -0.0036113  0.0048506 -0.0062327 -0.0001841 -0.0147789 -0.0094653 -0.0044141 
 0.0076118  0.0030312 -0.9566386 -0.0036113  1.0000000 -0.0015857  0.0028794 -0.0193061 -0.0034458 -0.0041558  0.0061555 
-0.0125163  0.0072416  0.0032438  0.0048506 -0.0015857  1.0000000 -0.0022288 -0.0232005 -0.0038791 -0.0035939  0.0075639 
 0.0190757  0.0020015  0.0006480 -0.0062327  0.0028794 -0.0022288  1.0000000 -0.0126804  0.0069028  0.0012653  0.0012576 
-0.0075577  0.0077635  0.0154206 -0.0001841 -0.0193061 -0.0232005 -0.0126804  1.0000000 -0.0024084  0.0042225 -0.0039988 
 0.0080111  0.0051666  0.0045102 -0.0147789 -0.0034458 -0.0038791  0.0069028 -0.0024084  1.0000000  0.0010146  0.0074754 
-0.0062292 -0.0075704  0.0064141 -0.0094653 -0.0041558 -0.0035939  0.0012653  0.0042225  0.0010146  1.0000000  0.0062879 
 0.0023688 -0.0079364 -0.0046222 -0.0044141  0.0061555  0.0075639  0.0012576 -0.0039988  0.0074754  0.0062879  1.0000000 
