 1.0000000 -0.6193110  0.3347665 -0.8603590 -0.0053078 -0.0089323  0.0028139  0.0076118 -0.0125163  0.0190757 -0.0075577  0.0080111 -0.0062292  0.0023688 
-0.6193110  1.0000000 -0.6653215  0.4975403  0.0120171  0.0068996  0.0027056 -0.0097450  0.0038439 -0.0065325  0.0030416 -0.0055983 -0.0001056 -0.0019121 
 0.3347665 -0.6653215  1.0000000 -0.4902997 -0.0047773 -0.0020396  0.0020453  0.0030312  0.0072416  0.0020015  0.0077635  0.0051666 -0.0075704 -0.0079364 
-0.8603590  0.4975403 -0.4902997  1.0000000  0.0057501  0.0051979 -0.0012771 -0.0077329  0.0041281 -0.0167835  0.0065582 -0.0036703  0.0040762 -0.0015671 
-0.0053078  0.0120171 -0.0047773  0.0057501  1.0000000  0.5941973  0.0005143 -0.9566386  0.0032438  0.0006480  0.0154206  0.0045102  0.0064141 -0.0046222 
-0.0089323  0.0068996 -0.0020396  0.0051979  0.5941973  1.0000000  0.0129543 -0.6380136  0.0008035  0.0002758  0.0069356 -0.0113782 -0.0027311 -0.0084898 
 0.0028139  0.0027056  0.0020453 -0.0012771  0.0005143  0.0129543  1.0000000 -0.0036113  0.0048506 -0.0062327 -0.0001841 -0.0147789 -0.0094653 -0.0044141 
 0.0076118 -0.0097450  0.0030312 -0.0077329 -0.9566386 -0.6380136 -0.0036113  1.0000000 -0.0015857  0.0028794 -0.0193061 -0.0034458 -0.0041558  0.0061555 
-0.0125163  0.0038439  0.0072416  0.0041281  0.0032438  0.0008035  0.0048506 -0.0015857  1.0000000 -0.0022288 -0.0232005 -0.0038791 -0.0035939  0.0075639 
 0.0190757 -0.0065325  0.0020015 -0.0167835  0.0006480  0.0002758 -0.0062327  0.0028794 -0.0022288  1.0000000 -0.0126804  0.0069028  0.0012653  0.0012576 
-0.0075577  0.0030416  0.0077635  0.0065582  0.0154206  0.0069356 -0.0001841 -0.0193061 -0.0232005 -0.0126804  1.0000000 -0.0024084  0.0042225 -0.0039988 
 0.0080111 -0.0055983  0.0051666 -0.0036703  0.0045102 -0.0113782 -0.0147789 -0.0034458 -0.0038791  0.0069028 -0.0024084  1.0000000  0.0010146  0.0074754 
-0.0062292 -0.0001056 -0.0075704  0.0040762  0.0064141 -0.0027311 -0.0094653 -0.0041558 -0.0035939  0.0012653  0.0042225  0.0010146  1.0000000  0.0062879 
 0.0023688 -0.0019121 -0.0079364 -0.0015671 -0.0046222 -0.0084898 -0.0044141  0.0061555  0.0075639  0.0012576 -0.0039988  0.0074754  0.0062879  1.0000000 
